154111
302903
284191
61043
27691
383627
102563
94427
129419
132971
347957
346447
324427
216551
382021
153887
82189
250307
155627
205633
281579
203351
124183
310111
296729
191339
282089
28447
157291
180043
319681
117223
207227
125131
51721
331921
350783
50591
29179
143813
84317
159697
5197
88807
299389
187163
253741
316031
366169
320687
383557
313343
277259
186743
343901
109049
272423
346561
160669
39521
9511
143239
284231
214507
58789
163771
379751
57737
80627
267721
9551
44843
70327
209459
18979
183713
383813
326147
186869
240437
332987
381011
301843
322249
363271
118277
100109
354703
125821
43283
311687
162439
303871
230137
81239
214913
38261
307843
114799
12161
183497
216317
221077
96353
33049
159199
72577
128657
194981
235159
249833
218629
36497
5647
120157
138511
113621
143791
244561
190409
103573
226901
357569
40237
316507
41399
229127
233617
289193
198647
25657
17471
61967
223099
203381
296557
110863
53269
155539
73849
189967
295201
224921
196613
113287
92557
348917
336121
333539
384287
142589
46171
262387
44449
232411
327479
84089
307733
177761
55079
5717
59417
350983
171733
300343
181387
364829
285707
288851
78857
163601
33623
28657
41299
21247
184829
251197
168463
203173
136897
223849
101081
70841
376921
81233
352607
196643
3469
67829
162691
276953
304907
113159
244873
92363
64667
325597
350789
32687
170689
340559
207409
301993
270821
148927
151937
23957
256031
329683
281159
36263
240571
211817
140977
16231
129209
42187
208391
21787
225829
338197
283487
189583
101537
241229
108761
134077
295049
362107
140333
235541
123479
250709
170971
286129
146477
260201
109847
360749
144883
42323
242639
71263
13841
331307
106129
59627
310771
37691
32497
150097
115663
183473
107609
98911
204781
178447
342359
86263
159937
242887
140717
152723
376807
229553
254899
151169
60209
51343
125371
78163
54907
83639
42641
84673
235591
219361
355867
38329
381389
172283
367777
203431
184651
108761
235967
288241
248537
340073
202621
256121
20021
228953
94993
243587
24749
293093
111521
243121
262151
20731
2311
315181
229133
183247
200117
145031
34319
345823
21521
256279
257671
2659
366701
77017
41897
216679
45779
367519
323711
142601
323381
84137
56443
181729
104759
289973
205837
265423
354643
28283
95737
271127
236993
333821
208099
276113
243239
242161
315899
373859
165317
373777
342899
16231
116903
376823
323377
237157
48889
48281
177823
40063
280933
102103
365017
383051
240319
181813
167077
189823
155161
53479
343579
158863
189361
302969
376097
102547
230143
272381
307259
593
268211
120277
275767
174617
281207
35323
371057
306029
340117
352327
41981
257447
228103
372719
79801
308809
136351
331609
384847
323879
65699
23167
60413
216791
317453
108041
370597
26209
7369
51001
269441
80929
130687
168071
176041
258403
80809
276587
154159
167023
176741
34807
169943
83299
80221
57089
195311
271241
183373
54713
187871
327307
374839
310501
152441
199669
248141
143999
304723
190159
323077
86477
337529
367621
329789
93491
218737
225839
92353
271333
332993
3701
382163
328343
126857
176509
300823
229561
113
183871
342871
376531
199601
82153
350159
49669
209401
276323
2347
123307
357839
205913
170843
33119
98317
160967
197009
379859
241981
264353
263209
275939
203449
341281
117203
213359
308537
234683
333787
296509
157049
378941
124477
48397
285457
78241
217717
236387
71329
223747
286873
264167
359297
257249
260263
214481
207971
15809
240101
29269
146291
373127
305857
69931
145807
206819
134683
371831
383459
154873
171757
354581
111697
385321
215573
316439
378817
215443
377137
220513
226463
237971
272887
103723
204583
353011
267803
117361
5393
43541
119243
137707
296071
353443
87481
130957
5233
191911
337607
381791
73961
55927
431
25919
290923
154267
65587
157931
67523
218143
161869
48109
253901
123289
228707
86441
262501
305423
43067
302909
220019
27823
256651
355951
315547
230467
44017
74827
231031
107069
183713
348433
377981
245963
87739
27529
207329
65963
265231
254291
208319
22073
302711
60679
380363
97187
15277
372173
149899
150649
374653
60509
347033
120563
242923
15359
292093
245789
359929
200867
38461
170267
311867
90659
345001
83243
166841
198427
45181
81293
195809
195389
131371
135497
69997
134039
282847
3089
202637
34499
357211
135319
236981
176933
70061
124633
35897
137873
383051
48761
200597
350657
19267
223247
104549
335383
294227
305029
79907
316109
217823
193513
3527
91781
22133
143947
97499
62539
327953
45673
201581
242309
220901
314917
371251
176933
153511
226631
324949
321169
4229
280597
93701
248179
246607
115309
117443
322097
204377
279317
224299
37747
246839
22277
131143
152423
96851
202987
6977
325063
323717
108959
134371
315613
366841
153929
57143
279317
45541
237073
203381
221713
196379
230653
312209
358441
294919
104693
70237
201997
120283
83
2141
126241
287159
347771
284311
319057
289637
294001
321341
137273
349981
64919
97973
54421
251221
140419
349471
216509
212917
380041
310169
41341
143053
180533
104561
230863
360989
68813
38113
245513
140423
12637
95461
95461
364271
30271
68891
225503
161869
201997
203869
219491
344683
176713
147481
168913
221159
165311
72103
47017
233371
78031
43411
59053
226691
226409
80669
153509
110311
285697
55163
35327
41777
336041
248317
137659
359767
280507
255137
42467
147709
339289
136327
16183
109903
354031
312343
310883
272053
339257
196247
110749
319577
385897
353557
295949
113969
278917
203627
312841
282767
263651
127781
44131
38447
10343
313211
379531
32303
377617
12301
23899
342593
112559
370159
41809
113417
89317
169093
214531
66343
172607
275167
298847
145703
355529
175391
83563
327779
62869
215459
16141
273473
312899
228577
81937
29599
213397
306883
42179
172751
369647
15077
141653
97649
358201
109891
373007
280871
103841
74771
146359
115823
205589
18149
5471
65419
260189
12809
54851
254291
302329
19777
52813
140611
354971
283837
71473
361313
32687
26557
259583
280759
336613
135043
114203
42179
109793
343141
176369
14923
329683
327409
77719
214939
385289
64123
87721
269041
3463
272999
149791
149489
357107
46073
369917
205141
324451
179819
38699
259121
277097
193147
104549
83983
372817
226133
134053
46309
225341
199783
141221
131771
306991
15973
85933
211507
57653
67819
192923
44501
228731
206543
51241
326941
176573
129491
12619
251947
171161
173491
110603
202931
42461
147779
132647
379909
170249
75883
122827
59359
172643
189859
61819
181459
6299
141209
373783
25117
6599
210209
238369
99559
96769
177797
311279
359263
345731
260713
300821
328129
260807
82261
155251
334973
174931
151967
35099
224149
254963
227603
110501
89009
36779
174389
39371
333793
151871
134683
48571
10211
384317
61331
60601
242101
306329
124067
37991
281833
43159
178813
129419
338777
163307
78367
135461
55819
184199
242923
178069
153071
351779
23279
238171
204707
