17443
58481
125711
191999
158113
108533
268661
126013
244837
77867
45557
336989
241393
257503
45587
289637
115523
240659
66943
363271
88321
347671
4481
193051
373327
268999
299933
206341
339139
238921
284311
23293
84457
172787
202823
200009
339071
172001
255383
75653
113591
256279
222127
150869
28429
251609
258469
81671
228961
146719
272257
307451
253777
223969
382727
195991
279659
90907
270821
152293
49999
292343
4003
378919
205423
83059
326369
269393
168043
170539
158647
322001
124213
68161
157733
34591
83063
24061
117331
129917
41903
368651
198179
340897
55061
370597
146777
365179
13879
384203
309937
265613
159721
2381
157219
369013
368833
316801
165367
265003
