34949
178799
116959
313351
343771
304883
367889
236087
160651
53171
358667
90703
245723
324067
6481
62017
136651
375533
140741
340283
251203
134591
14159
90163
258331
179917
147029
142609
183919
228793
215833
193951
127781
267829
21767
151091
227653
81343
160903
2467
377393
5179
328109
189437
82261
261641
285553
350213
43319
320563
289603
330653
155707
50459
37483
42331
14831
348241
191831
192161
60953
16433
354869
113647
85933
36527
378997
130657
264437
109013
293861
238883
150497
11113
208961
222799
311743
42451
11369
21611
120331
16607
360287
356263
175621
159707
187441
147799
384173
33469
253907
115361
154897
377353
82549
337487
279073
20287
67391
177949
363211
363329
153739
110909
256393
285457
265957
310091
276781
127781
178873
13781
34549
207191
109547
31567
382511
385771
82339
120811
19073
263983
99523
310423
176459
352837
59951
196277
20983
29347
146059
3851
340057
264959
357103
272383
368803
329207
166297
330289
37871
86209
291521
41203
311279
169399
320219
312283
343391
72251
118757
18917
27767
168737
103811
140269
128971
23027
145679
194443
287233
336491
306853
212281
335953
317773
314491
163973
263723
67157
196727
330241
336989
113779
205133
186581
41863
8747
379853
355721
360317
53003
332617
228841
59377
111697
63313
337949
332273
102499
231107
4799
229081
88873
42169
75329
9887
72661
264167
2953
251387
294067
60209
117193
266689
286673
210173
103681
384157
248317
279919
247649
230123
203311
360229
371213
272603
120899
374909
183319
213623
27253
205417
13469
273913
77773
241489
143569
88037
141619
58477
302171
344237
281251
55807
67033
24371
137201
204791
181063
233591
364657
243403
256939
82051
288851
248749
367957
140533
293621
59077
339257
327979
226783
377851
213827
164291
362521
50893
375233
78401
214091
342107
39937
258101
151729
306121
302009
82153
262519
101921
6529
200971
222647
294649
15767
333623
312779
75167
127913
46439
2029
340519
19777
324773
257657
251621
176921
161977
262681
380629
63097
150221
230743
192133
72937
238103
97327
356299
327311
78541
322067
219169
259967
196613
188653
267353
77239
129769
147353
303073
327419
67741
216373
263293
175267
174157
299933
170957
198323
237959
374677
384403
273739
20807
10631
298159
65599
231443
365333
346187
193861
330689
231419
101719
80777
248707
276047
214091
25951
128173
336587
227993
5077
27479
74317
283837
382103
163673
14731
78049
150991
79159
130379
211427
245471
67819
384497
147151
30047
303053
68219
234571
129517
278479
180883
92489
99713
98837
160997
12689
344161
94993
74159
357683
114643
220511
291677
264757
317267
88853
86509
318917
268783
272533
251893
242927
167071
234769
111217
57571
325301
220789
383459
199799
112877
77977
214033
151397
136601
8467
4079
98963
123997
106189
27739
8377
58937
305749
87011
286019
253679
54167
322727
70201
350881
338867
310889
254047
8161
363773
180347
335347
107719
279337
143567
224131
288559
181981
240197
258329
375787
307187
363119
9341
197359
154423
302977
77513
331549
21701
322901
236869
218737
74551
356197
103549
148669
290879
339023
239329
241291
185917
248089
123229
73529
77003
260023
106363
164431
177127
37657
10253
143653
311407
344969
193757
367673
147617
108557
336799
220901
10487
335213
222799
13729
88681
85829
26981
192391
267227
39607
17623
5981
174703
229399
166319
79631
118747
93257
250969
213307
351959
26449
164821
359587
195479
265619
207241
181639
301753
87491
127579
173543
229939
316649
159701
353687
341477
78989
216781
165041
114973
358987
376891
86351
300557
308101
32531
354307
235891
263129
88117
267833
99469
98867
380623
275521
268501
121157
160309
175699
344653
348989
26177
192383
7691
124171
175663
181871
186191
362053
321571
113843
189187
332699
375509
327127
50023
121763
68743
282427
370213
263869
49429
323473
340127
37489
252431
330331
141073
364919
6301
231109
316339
69403
178909
247633
278269
81937
211339
172307
101839
30367
357859
50513
166151
241343
51991
282833
19207
383951
272651
28057
156823
50363
375569
133633
296137
235159
230873
107903
345461
305873
249433
11329
171917
279761
17659
269623
189967
162727
31193
364691
65701
26321
368593
334777
227407
43649
59021
87641
302941
54421
242819
77101
171169
27767
331937
32359
310129
198097
365423
366787
314879
129443
101021
87943
181967
288199
99643
151549
150041
29921
376639
148781
368957
362753
17203
112601
270799
126641
68279
34123
147727
364291
2029
123077
284651
261347
190339
78317
228923
69467
306029
212969
17183
79699
116387
71699
124783
56533
270001
151091
288293
158393
240719
301843
28663
127261
143881
81223
305231
182101
361793
158519
283489
19157
320471
201743
84481
112927
46559
133541
221201
243671
134263
338851
285287
56267
286711
84053
91841
194659
351727
89371
51511
349933
28663
142157
346553
259001
65309
94397
54521
344177
229837
303571
154111
348437
80779
315527
68521
170299
173249
205519
365293
205081
338791
171863
129461
28087
22283
32779
85451
18089
173779
139591
180023
27211
312841
367369
170707
362203
248317
380231
140143
13183
3881
42101
325439
191671
109013
28309
50273
302977
303859
68161
237379
86969
210053
326203
228281
19927
106699
361003
29917
233477
11731
58453
365003
265207
334487
215659
246119
291293
22963
314569
124513
218993
149053
301219
67181
228077
71081
49307
348709
37589
351157
46499
151121
276389
268811
157813
185869
113797
7213
106367
133201
290533
88261
337217
372667
246193
313267
316097
35111
181273
270287
56041
64019
122497
246277
200723
157931
196579
34877
274177
206033
144167
51991
228521
318229
239383
233117
201709
118709
87223
112223
57713
160789
247603
315059
252383
97157
101
290677
233669
85601
31687
354677
100379
119297
94529
32707
206411
109387
105503
73327
160877
175829
296731
143413
91837
63587
97967
242101
147221
250043
140827
313409
351749
159673
51263
170197
237791
351031
355427
121727
116239
98627
69911
12829
129223
184081
178643
238159
146477
123419
216373
292753
319967
117703
196439
12973
48091
217361
228757
49991
52237
125107
160093
257141
106121
98143
281783
363367
285569
51157
305111
271333
259163
67789
34141
169523
175291
254899
94309
258917
22751
327419
266863
14159
120209
15299
33461
4243
268607
347299
87887
198553
317087
192431
87697
222511
192971
248971
217201
9311
352819
216791
48869
218227
332179
291853
280607
228773
235723
45053
16363
71287
362339
354703
245723
120511
104119
324161
26921
294181
316957
304049
172517
85517
132499
220931
320417
298861
57259
21739
178487
203579
354421
19661
238291
59833
154183
197969
268913
361993
269887
155777
150583
257867
304949
149579
21529
384173
372137
77347
78241
112901
290621
268487
67531
281243
237581
90031
128111
385663
81181
286427
354701
126683
170701
274333
32587
86201
122579
321331
96017
352837
197573
142871
37337
44101
328249
385289
81769
127081
177383
