20483
354743
133073
374351
305111
206593
261787
371249
356287
366133
19073
328667
185077
218887
109379
204331
36341
209771
126713
134033
30467
107273
380707
96911
51767
182141
71551
136657
328109
69493
41039
47701
75029
252383
199669
366907
27367
343219
166399
142837
133201
156887
251663
23669
351343
218923
174469
20903
382727
124561
331889
10993
90499
90017
26107
34159
84653
246329
6421
126547
360953
129313
104053
66701
307361
113161
164149
148207
311677
80831
51199
49853
203911
277847
319817
241333
69401
29387
249647
363683
182803
9677
83857
149867
94349
245291
366293
132439
308923
7727
115571
173867
240899
148171
163673
125353
361337
296473
230101
20879
