17443 0.000120
58481 0.000407
125711 0.000887
191999 0.001353
158113 0.001133
108533 0.000767
268661 0.001927
126013 0.000880
244837 0.001720
77867 0.000553
45557 0.000320
336989 0.002387
241393 0.001687
257503 0.001800
45587 0.000327
289637 0.002060
115523 0.000813
240659 0.001693
66943 0.000487
363271 0.002573
88321 0.000627
347671 0.002473
4481 0.000033
193051 0.001360
373327 0.002687
268999 0.001947
299933 0.002127
206341 0.001453
339139 0.002460
238921 0.001673
284311 0.002020
23293 0.000167
84457 0.000600
172787 0.001220
202823 0.001433
200009 0.001407
339071 0.002400
172001 0.001213
255383 0.001787
75653 0.000533
113591 0.000800
256279 0.001787
222127 0.001560
150869 0.001087
28429 0.000200
251609 0.001760
258469 0.001807
81671 0.000580
228961 0.001600
146719 0.001040
272257 0.001940
307451 0.002180
253777 0.001780
223969 0.001587
382727 0.002693
195991 0.001380
279659 0.001993
90907 0.000640
270821 0.001933
152293 0.001080
49999 0.000353
292343 0.002080
4003 0.000027
378919 0.002680
205423 0.001447
83059 0.000587
326369 0.002313
269393 0.001927
168043 0.001233
170539 0.001207
158647 0.001127
322001 0.002293
124213 0.000873
68161 0.000487
157733 0.001120
34591 0.000247
83063 0.000587
24061 0.000173
117331 0.000820
129917 0.000907
41903 0.000300
368651 0.002600
198179 0.001400
340897 0.002407
55061 0.000387
370597 0.002607
146777 0.001047
365179 0.002580
13879 0.000100
384203 0.002720
309937 0.002200
265613 0.001907
159721 0.001133
2381 0.000020
157219 0.001113
369013 0.002633
368833 0.002600
316801 0.002240
165367 0.001173
265003 0.001887
