17443 0.000060
58481 0.000207
125711 0.000453
191999 0.000700
158113 0.000587
108533 0.000393
268661 0.001020
126013 0.000453
244837 0.000880
77867 0.000287
45557 0.000160
336989 0.001240
241393 0.000873
257503 0.000927
45587 0.000180
289637 0.001067
115523 0.000420
240659 0.000867
66943 0.000247
363271 0.001320
88321 0.000320
347671 0.001267
4481 0.000020
193051 0.000700
373327 0.001360
268999 0.001007
299933 0.001107
206341 0.000753
339139 0.001240
238921 0.000860
284311 0.001060
23293 0.000087
84457 0.000307
172787 0.000633
202823 0.000740
200009 0.000727
339071 0.001247
172001 0.000627
255383 0.000913
75653 0.000280
113591 0.000407
256279 0.000920
222127 0.000800
150869 0.000553
28429 0.000100
251609 0.000900
258469 0.000920
81671 0.000300
228961 0.000827
146719 0.000547
272257 0.001013
307451 0.001140
253777 0.000913
223969 0.000813
382727 0.001393
195991 0.000707
279659 0.001040
90907 0.000340
270821 0.001027
152293 0.000560
49999 0.000187
292343 0.001087
4003 0.000013
378919 0.001400
205423 0.000753
83059 0.000307
326369 0.001200
269393 0.001013
168043 0.000620
170539 0.000627
158647 0.000593
322001 0.001187
124213 0.000447
68161 0.000253
157733 0.000580
34591 0.000127
83063 0.000300
24061 0.000087
117331 0.000420
129917 0.000467
41903 0.000153
368651 0.001347
198179 0.000720
340897 0.001247
55061 0.000200
370597 0.001347
146777 0.000547
365179 0.001327
13879 0.000053
384203 0.001400
309937 0.001147
265613 0.000993
159721 0.000587
2381 0.000007
157219 0.000580
369013 0.001347
368833 0.001347
316801 0.001167
165367 0.000613
265003 0.001000
