17443 0.000000
58481 0.000000
125711 0.000010
191999 0.000000
158113 0.000000
108533 0.000000
268661 0.000000
126013 0.000000
244837 0.000000
77867 0.000000
45557 0.000000
336989 0.000000
241393 0.000000
257503 0.000010
45587 0.000000
289637 0.000010
115523 0.000000
240659 0.000010
66943 0.000000
363271 0.000010
88321 0.000000
347671 0.000010
4481 0.000000
193051 0.000000
373327 0.000010
268999 0.000010
299933 0.000000
206341 0.000000
339139 0.000010
238921 0.000000
284311 0.000010
23293 0.000000
84457 0.000000
172787 0.000000
202823 0.000010
200009 0.000000
339071 0.000010
172001 0.000010
255383 0.000000
75653 0.000010
113591 0.000000
256279 0.000010
222127 0.000000
150869 0.000010
28429 0.000000
251609 0.000010
258469 0.000000
81671 0.000010
228961 0.000000
146719 0.000010
272257 0.000000
307451 0.000000
253777 0.000000
223969 0.000000
382727 0.000000
195991 0.000000
279659 0.000010
90907 0.000000
270821 0.000010
152293 0.000000
49999 0.000010
292343 0.000000
4003 0.000000
378919 0.000000
205423 0.000010
83059 0.000000
326369 0.000000
269393 0.000010
168043 0.000000
170539 0.000000
158647 0.000010
322001 0.000000
124213 0.000010
68161 0.000000
157733 0.000010
34591 0.000000
83063 0.000000
24061 0.000010
117331 0.000000
129917 0.000010
41903 0.000000
368651 0.000000
198179 0.000000
340897 0.000010
55061 0.000000
370597 0.000010
146777 0.000000
365179 0.000000
13879 0.000000
384203 0.000000
309937 0.000010
265613 0.000010
159721 0.000000
2381 0.000000
157219 0.000010
369013 0.000000
368833 0.000000
316801 0.000010
165367 0.000000
265003 0.000000
