857 0.000000 1
362 0.000000 0
499 0.000000 1
612 0.000000 0
431 0.000000 1
307 0.000000 1
938 0.000000 0
467 0.000000 1
233 0.000000 1
719 0.000000 1
115237 0.000000 1
103291 0.000000 1
118529 0.000000 1
114863 0.000000 0
119003 0.000000 0
111739 0.000000 0
126409 0.000000 0
115049 0.000000 0
125809 0.000000 0
127613 0.000000 0
100013057 0.000000 0
100004189 0.000060 1
100029283 0.000000 0
100024747 0.000060 1
100017587 0.000020 0
100002299 0.000000 0
100013951 0.000000 0
100008293 0.000000 0
100007903 0.000060 1
100030313 0.000060 1
